0	-122.36531222	 37.72557844	0	0	1	-25.00000000	800 - Normal	2.40518476701e+003	
95	-122.49948380	 37.73402247	0	0	91	50.00000000	800 - Normal	4.24972718211e+003	
227	-122.36176280	 37.81424022	0	0	219	25.00000000	800 - Normal	1.99610376698e+003	
316	-122.42647413	 37.76707053	0	0	313	75.00000000	800 - Normal	9.61686097277e+000	
427	-122.39460608	 37.75299603	0	0	418	150.00000000	800 - Normal	2.38908437382e+001	
530	-122.39986231	 37.75354406	0	0	516	225.00000000	800 - Normal	1.29891316594e+003	
613	-122.47820951	 37.77075500	0	0	602	275.00000000	800 - Normal	2.22241283972e+002	
677	-122.43477370	 37.75520036	0	0	665	350.00000000	800 - Normal	2.50333424468e+003	
734	-122.46217510	 37.72972870	0	0	721	475.00000000	800 - Normal	4.08749070952e+002	
790	-122.46010370	 37.74284722	0	0	775	650.00000000	800 - Normal	1.63269800343e+003	
853	-122.40160576	 37.77101673	0	0	840	0.00000000	810 - Depression	1.94356274781e+003	
1010	-122.39364268	 37.75394105	0	0	990	50.00000000	810 - Depression	2.28663472922e+002	
1131	-122.40487958	 37.74880647	0	0	1110	5.00000000	820 - Intermediate Normal	1.69699488091e+003	
1222	-122.38063375	 37.72285290	0	0	1194	5.00000000	820 - Intermediate Normal	1.01978191938e+002	
1310	-122.39862292	 37.78290940	0	0	1276	10.00000000	820 - Intermediate Normal	1.02061762548e+003	
1426	-122.39310730	 37.74959906	0	0	1395	15.00000000	820 - Intermediate Normal	8.53223568949e+002	
1526	-122.50004591	 37.73265795	0	0	1489	20.00000000	820 - Intermediate Normal	1.78592901781e+003	
1618	-122.48383373	 37.71395941	0	0	1586	30.00000000	820 - Intermediate Normal	1.03576268162e+003	
1714	-122.40943664	 37.74931506	0	0	1680	35.00000000	820 - Intermediate Normal	2.15165137767e+002	
1808	-122.41515135	 37.77640010	0	0	1771	45.00000000	820 - Intermediate Normal	7.09780718742e+001	
1903	-122.50457769	 37.76368033	0	0	1868	65.00000000	820 - Intermediate Normal	1.00132217897e+003	
2004	-122.48495072	 37.72777724	0	0	1966	80.00000000	820 - Intermediate Normal	3.23426643827e+002	
2111	-122.49155839	 37.76996699	0	0	2075	105.00000000	820 - Intermediate Normal	1.62554248692e+003	
2209	-122.46967893	 37.78789256	0	0	2169	130.00000000	820 - Intermediate Normal	2.43791921601e+003	
2314	-122.43843273	 37.73038350	0	0	2268	145.00000000	820 - Intermediate Normal	1.62123140289e+003	
2423	-122.49017498	 37.76658533	0	0	2376	170.00000000	820 - Intermediate Normal	1.57908941173e+003	
2525	-122.50278722	 37.71736976	0	0	2473	190.00000000	820 - Intermediate Normal	1.93546603183e+003	
2628	-122.49142289	 37.70479482	0	0	2577	210.00000000	820 - Intermediate Normal	4.54653733579e+002	
2722	-122.40536297	 37.80229002	0	0	2815	255.00000000	820 - Intermediate Normal	1.23851006729e+003	
2803	-122.40328848	 37.71538749	0	0	2746	240.00000000	820 - Intermediate Normal	1.20351239204e+003	
2902	-122.47758770	 37.80322430	0	0	2848	260.00000000	820 - Intermediate Normal	1.73900205636e+002	
2985	-122.41975068	 37.73809838	0	0	2928	280.00000000	820 - Intermediate Normal	1.48415725718e+003	
3055	-122.41746986	 37.79848665	0	0	2997	290.00000000	820 - Intermediate Normal	5.24699028540e+002	
3124	-122.36507048	 37.80968211	0	0	3066	305.00000000	820 - Intermediate Normal	1.37013035183e+003	
3191	-122.46282547	 37.79327105	0	0	3143	330.00000000	820 - Intermediate Normal	3.90022343459e+003	
3246	-122.45320340	 37.77972293	0	0	3198	340.00000000	820 - Intermediate Normal	2.84288656453e+003	
3302	-122.43011589	 37.75614059	0	0	3253	360.00000000	820 - Intermediate Normal	1.77262690205e+003	
3368	-122.45255366	 37.77958407	0	0	3318	380.00000000	820 - Intermediate Normal	1.73948495997e+003	
3425	-122.46173363	 37.70703618	0	0	3374	410.00000000	820 - Intermediate Normal	2.67656694399e+003	
3486	-122.43888083	 37.76481306	0	0	3438	445.00000000	820 - Intermediate Normal	8.82906991479e+002	
3545	-122.46659857	 37.71719261	0	0	3495	470.00000000	820 - Intermediate Normal	6.22335138326e+002	
3607	-122.44259491	 37.76737647	0	0	3555	495.00000000	820 - Intermediate Normal	2.44807672285e+003	
3669	-122.44169317	 37.76743184	0	0	3613	545.00000000	820 - Intermediate Normal	1.14402915803e+003	
3730	-122.44133624	 37.74640247	0	0	3696	640.00000000	820 - Intermediate Normal	7.66328888402e+002	
3798	-122.46815715	 37.74966092	0	0	3761	740.00000000	820 - Intermediate Normal	1.52365550647e+003	
3849	-122.45819556	 37.75646551	0	0	3810	790.00000000	820 - Intermediate Normal	4.11796715578e+003	
3892	-122.45816511	 37.75722948	0	0	3851	835.00000000	820 - Intermediate Normal	2.08918799500e+003	
3953	-122.40656162	 37.72706933	0	0	3911	75.00000000	800 - Normal	2.78474512147e+003	
4000	-122.44018279	 37.74002276	0	0	3957	435.00000000	820 - Intermediate Normal	3.83661666263e+003	
4023	-122.42778566	 37.70707894	0	0	3991	440.00000000	820 - Intermediate Normal	3.76500819502e+003	
4046	-122.47417998	 37.75180332	0	0	4014	440.00000000	820 - Intermediate Normal	3.03017952150e+003	
4070	-122.46475364	 37.71748793	0	0	4038	445.00000000	820 - Intermediate Normal	1.83951737878e+003	
4092	-122.47355505	 37.75277432	0	0	4060	445.00000000	820 - Intermediate Normal	3.73752907194e+003	
4202	-122.41147777	 37.73410779	0	0	4162	10.00000000	830 - Intermediate Depression	8.10239524927e+002	
4307	-122.42253306	 37.76775724	0	0	4270	30.00000000	830 - Intermediate Depression	1.17512141613e+002	
4459	-122.50223315	 37.72130398	0	0	4413	95.00000000	830 - Intermediate Depression	3.04897622992e+002	
4594	-122.41722738	 37.71561183	0	0	4554	195.00000000	830 - Intermediate Depression	3.79151592760e+002	
4719	-122.50308253	 37.74304131	0	0	4672	50.00000000	800 - Normal	4.29868325109e+003	
4772	-122.38882037	 37.72627543	0	0	4724	0.00000000	800 - Normal	3.41269590915e+003	
4794	-122.38402092	 37.75453622	0	0	4746	0.00000000	800 - Normal	1.87857682035e+003	
4820	-122.39676737	 37.79843656	0	0	4821	0.00000000	800 - Normal	3.94455317279e+003	
4844	-122.37504856	 37.73148955	0	0	4845	25.00000000	800 - Normal	1.86882639199e+003	
4866	-122.39412310	 37.76422086	0	0	4867	25.00000000	800 - Normal	2.34910648701e+003	
4889	-122.44919765	 37.79982732	0	0	4890	25.00000000	800 - Normal	3.70285658676e+003	
4911	-122.50609811	 37.72254642	0	0	4912	25.00000000	800 - Normal	1.36158877666e+003	
4934	-122.49107174	 37.71241272	0	0	4935	25.00000000	800 - Normal	4.01075707187e+003	
4958	-122.40333709	 37.73700081	0	0	4959	50.00000000	800 - Normal	2.84872696713e+003	
4980	-122.41579812	 37.80334012	0	0	4981	50.00000000	800 - Normal	2.69914757089e+003	
5002	-122.47209259	 37.80786846	0	0	5003	75.00000000	800 - Normal	2.87286051102e+003	
5024	-122.48581027	 37.72625777	0	0	5025	75.00000000	800 - Normal	3.43839537990e+003	
5048	-122.39474245	 37.78599270	0	0	5049	75.00000000	800 - Normal	1.25128875369e+003	
5071	-122.39289508	 37.75878992	0	0	5072	75.00000000	800 - Normal	1.07339362033e+003	
5094	-122.41499091	 37.73139517	0	0	5095	100.00000000	800 - Normal	2.29478981526e+003	
5116	-122.40686838	 37.79292811	0	0	5117	100.00000000	800 - Normal	3.03828222893e+003	
5139	-122.50322675	 37.77461882	0	0	5140	100.00000000	800 - Normal	3.91551488744e+003	
5162	-122.40379923	 37.76323240	0	0	5163	100.00000000	800 - Normal	2.87739331282e+003	
5185	-122.49865812	 37.71612719	0	0	5186	125.00000000	800 - Normal	3.37286981097e+003	
5207	-122.43249888	 37.73170524	0	0	5208	125.00000000	800 - Normal	3.46485822164e+003	
5229	-122.40635616	 37.79174377	0	0	5230	125.00000000	800 - Normal	3.72748158243e+003	
5252	-122.50775206	 37.77598721	0	0	5253	125.00000000	800 - Normal	3.33246312210e+003	
5275	-122.39512175	 37.75223042	0	0	5276	125.00000000	800 - Normal	1.45496896821e+003	
5298	-122.39926731	 37.71572767	0	0	5299	150.00000000	800 - Normal	2.90300272550e+003	
5320	-122.42908017	 37.74416916	0	0	5321	150.00000000	800 - Normal	3.48642223095e+003	
5342	-122.45124409	 37.79606093	0	0	5343	150.00000000	800 - Normal	3.17753319555e+003	
5365	-122.49275402	 37.77388247	0	0	5366	150.00000000	800 - Normal	4.55997874357e+003	
5387	-122.40348379	 37.75752925	0	0	5388	150.00000000	800 - Normal	2.67564163894e+003	
5412	-122.40812216	 37.80317320	0	0	5413	150.00000000	800 - Normal	2.16486130987e+003	
5434	-122.41757290	 37.73558433	0	0	5435	175.00000000	800 - Normal	2.44522939062e+003	
5456	-122.41898950	 37.79049266	0	0	5457	175.00000000	800 - Normal	2.67129185910e+003	
5478	-122.47952024	 37.77449402	0	0	5479	175.00000000	800 - Normal	3.07102586372e+003	
5501	-122.39488398	 37.71806668	0	0	5502	175.00000000	800 - Normal	2.74061727065e+003	
5526	-122.50925753	 37.77705249	0	0	5527	175.00000000	800 - Normal	4.14706641620e+003	
5548	-122.44677455	 37.71523438	0	0	5549	200.00000000	800 - Normal	2.80221624510e+003	
5570	-122.42348854	 37.79290676	0	0	5571	200.00000000	800 - Normal	2.51984620001e+003	
5593	-122.48137956	 37.73798474	0	0	5594	200.00000000	800 - Normal	4.18259881042e+003	
5617	-122.41337356	 37.74423161	0	0	5618	200.00000000	800 - Normal	2.22988869873e+003	
5640	-122.41872719	 37.80191268	0	0	5641	200.00000000	800 - Normal	2.42559900237e+003	
5663	-122.44062073	 37.71478118	0	0	5664	225.00000000	800 - Normal	3.47686347429e+003	
5685	-122.42413097	 37.79192101	0	0	5686	225.00000000	800 - Normal	3.56672684927e+003	
5707	-122.48348809	 37.74115951	0	0	5708	225.00000000	800 - Normal	3.57561147730e+003	
5730	-122.40060922	 37.75622336	0	0	5731	225.00000000	800 - Normal	2.22110514604e+003	
5754	-122.42500696	 37.70622487	0	0	5755	250.00000000	800 - Normal	1.87566107308e+003	
5776	-122.46102037	 37.76947670	0	0	5777	250.00000000	800 - Normal	2.59831570243e+003	
5799	-122.49492048	 37.78557537	0	0	5800	250.00000000	800 - Normal	5.24315480447e+003	
5823	-122.43870996	 37.79059547	0	0	5824	250.00000000	800 - Normal	3.16134562789e+003	
5847	-122.41574615	 37.71658047	0	0	5848	250.00000000	800 - Normal	2.78093745213e+003	
5871	-122.43329213	 37.74354608	0	0	5872	275.00000000	800 - Normal	3.23023864773e+003	
5893	-122.46135279	 37.71269536	0	0	5894	275.00000000	800 - Normal	4.09760866139e+003	
5916	-122.45157759	 37.77422671	0	0	5917	275.00000000	800 - Normal	2.58441587567e+003	
5940	-122.44799961	 37.78508473	0	0	5941	275.00000000	800 - Normal	3.39375495842e+003	
5963	-122.46843352	 37.73190593	0	0	5964	300.00000000	800 - Normal	3.15127969117e+003	
5985	-122.42574427	 37.71545062	0	0	5986	300.00000000	800 - Normal	3.96944420405e+003	
6012	-122.45083544	 37.72017837	0	0	6013	300.00000000	800 - Normal	4.00433756826e+003	
6037	-122.44711576	 37.79183411	0	0	6038	325.00000000	800 - Normal	2.05609409987e+003	
6061	-122.43797057	 37.74908894	0	0	6062	325.00000000	800 - Normal	3.58603754857e+003	
6084	-122.44064456	 37.71111995	0	0	6085	350.00000000	800 - Normal	3.26377733939e+003	
6108	-122.47158658	 37.73997934	0	0	6109	350.00000000	800 - Normal	2.84741253371e+003	
6132	-122.46821651	 37.71879751	0	0	6133	350.00000000	800 - Normal	2.80317056463e+003	
6158	-122.43968122	 37.75600218	0	0	6159	375.00000000	800 - Normal	2.30056971898e+003	
6180	-122.44519583	 37.74278133	0	0	6181	375.00000000	800 - Normal	3.41481640104e+003	
6204	-122.44408393	 37.73682601	0	0	6205	400.00000000	800 - Normal	3.02488881428e+003	
6227	-122.46334346	 37.71652364	0	0	6228	400.00000000	800 - Normal	3.04110907294e+003	
6251	-122.45379728	 37.76184011	0	0	6252	425.00000000	800 - Normal	4.15671783374e+003	
6274	-122.43047708	 37.70750025	0	0	6275	450.00000000	800 - Normal	2.95255727438e+003	
6296	-122.46290033	 37.74317851	0	0	6297	450.00000000	800 - Normal	3.73811179262e+003	
6319	-122.45875077	 37.73262750	0	0	6320	475.00000000	800 - Normal	2.77751823576e+003	
6343	-122.43961902	 37.70753245	0	0	6344	500.00000000	800 - Normal	2.83653811870e+003	
6366	-122.47237895	 37.75427261	0	0	6367	500.00000000	800 - Normal	3.44049408600e+003	
6388	-122.45993655	 37.75943470	0	0	6389	525.00000000	800 - Normal	3.23405329532e+003	
6412	-122.44353838	 37.74798620	0	0	6413	550.00000000	800 - Normal	3.07868307515e+003	
6436	-122.44814973	 37.74746325	0	0	6437	575.00000000	800 - Normal	2.74850725395e+003	
6461	-122.44430990	 37.75443596	0	0	6462	600.00000000	800 - Normal	1.15646490167e+003	
6485	-122.47107081	 37.75372848	0	0	6486	625.00000000	800 - Normal	2.25674864994e+003	
6510	-122.43097970	 37.70471019	0	0	6511	675.00000000	800 - Normal	4.10847737557e+003	
6534	-122.45085649	 37.74969931	0	0	6535	700.00000000	800 - Normal	2.91213716170e+003	
6559	-122.45208415	 37.75462692	0	0	6560	750.00000000	800 - Normal	3.19747174813e+003	
6585	-122.39070355	 37.70926762	0	0	6586	-5.00000000	820 - Intermediate Normal	1.37963236384e+003	
6607	-122.36238424	 37.72368435	0	0	6608	-5.00000000	820 - Intermediate Normal	6.12804327671e+003	
6630	-122.38371123	 37.75469010	0	0	6631	-5.00000000	820 - Intermediate Normal	1.78383499334e+003	
6653	-122.45852847	 37.80485748	0	0	6654	-5.00000000	820 - Intermediate Normal	1.94539976939e+003	
6675	-122.35919745	 37.81359578	0	0	6676	-5.00000000	820 - Intermediate Normal	2.60616190668e+003	
6698	-122.37357789	 37.72548480	0	0	6699	5.00000000	820 - Intermediate Normal	4.50131115131e+003	
6720	-122.38448651	 37.75303830	0	0	6721	5.00000000	820 - Intermediate Normal	3.00218291970e+003	
6742	-122.44956755	 37.80107039	0	0	6743	5.00000000	820 - Intermediate Normal	3.74702516381e+003	
6765	-122.50158717	 37.70595873	0	0	6766	5.00000000	820 - Intermediate Normal	1.93965434870e+003	
6788	-122.40873365	 37.70652357	0	0	6789	10.00000000	820 - Intermediate Normal	3.27350365641e+003	
6811	-122.39490554	 37.73853607	0	0	6812	10.00000000	820 - Intermediate Normal	3.89580803251e+003	
6833	-122.40566005	 37.78028915	0	0	6834	10.00000000	820 - Intermediate Normal	4.47822703125e+003	
6855	-122.49150213	 37.78782479	0	0	6856	10.00000000	820 - Intermediate Normal	2.23563595857e+003	
6879	-122.48560048	 37.72745786	0	0	6880	10.00000000	820 - Intermediate Normal	2.40321355327e+003	
6902	-122.38651350	 37.71412625	0	0	6903	15.00000000	820 - Intermediate Normal	2.37416188282e+003	
6924	-122.39529404	 37.74971450	0	0	6925	15.00000000	820 - Intermediate Normal	2.10531820486e+003	
6946	-122.40657299	 37.80474948	0	0	6947	15.00000000	820 - Intermediate Normal	1.71508333764e+003	
6968	-122.50975232	 37.76477687	0	0	6969	15.00000000	820 - Intermediate Normal	3.92825347330e+003	
6990	-122.36934154	 37.80864922	0	0	6991	15.00000000	820 - Intermediate Normal	3.15051185647e+003	
7015	-122.38726756	 37.72141074	0	0	7016	20.00000000	820 - Intermediate Normal	3.30900963424e+003	
7037	-122.40392211	 37.75005366	0	0	7038	20.00000000	820 - Intermediate Normal	3.17982836478e+003	
7059	-122.41161758	 37.80340142	0	0	7060	20.00000000	820 - Intermediate Normal	2.80655796385e+003	
7081	-122.50748139	 37.76213587	0	0	7082	20.00000000	820 - Intermediate Normal	4.69976851217e+003	
7105	-122.50111733	 37.72207517	0	0	7106	20.00000000	820 - Intermediate Normal	3.70483014578e+003	
7128	-122.38304604	 37.72872936	0	0	7129	30.00000000	820 - Intermediate Normal	2.60899784385e+003	
7150	-122.39261790	 37.75764781	0	0	7151	30.00000000	820 - Intermediate Normal	3.77316766876e+003	
7172	-122.42618180	 37.80676544	0	0	7173	30.00000000	820 - Intermediate Normal	2.35218178268e+003	
7194	-122.50497663	 37.74149716	0	0	7195	30.00000000	820 - Intermediate Normal	4.53874668119e+003	
7217	-122.49390750	 37.72584240	0	0	7218	30.00000000	820 - Intermediate Normal	3.27749575197e+003	
7240	-122.37763864	 37.73295218	0	0	7241	35.00000000	820 - Intermediate Normal	2.95084480258e+003	
7262	-122.40180360	 37.76360504	0	0	7263	35.00000000	820 - Intermediate Normal	2.56682461188e+003	
7285	-122.44678626	 37.79902577	0	0	7286	35.00000000	820 - Intermediate Normal	3.00365970418e+003	
7307	-122.48434935	 37.72686400	0	0	7308	35.00000000	820 - Intermediate Normal	2.22755380079e+003	
7331	-122.36579254	 37.80789039	0	0	7332	35.00000000	820 - Intermediate Normal	3.01082686914e+003	
7353	-122.40230949	 37.73769315	0	0	7354	40.00000000	820 - Intermediate Normal	2.55728676994e+003	
7375	-122.41228866	 37.75385797	0	0	7376	40.00000000	820 - Intermediate Normal	3.33531276676e+003	
7398	-122.46961079	 37.80541888	0	0	7399	40.00000000	820 - Intermediate Normal	2.18512001803e+003	
7420	-122.48141880	 37.71420694	0	0	7421	40.00000000	820 - Intermediate Normal	2.36667550588e+003	
7444	-122.41379242	 37.70108332	0	0	7445	45.00000000	820 - Intermediate Normal	3.01595704050e+003	
7466	-122.40956672	 37.73287038	0	0	7467	45.00000000	820 - Intermediate Normal	3.21481109069e+003	
7488	-122.41127689	 37.80166165	0	0	7489	45.00000000	820 - Intermediate Normal	2.71566285709e+003	
7510	-122.50648364	 37.77170826	0	0	7511	45.00000000	820 - Intermediate Normal	3.82045568707e+003	
7533	-122.50127625	 37.70828133	0	0	7534	45.00000000	820 - Intermediate Normal	2.41936495335e+003	
7558	-122.41546250	 37.70666387	0	0	7559	55.00000000	820 - Intermediate Normal	2.75008265571e+003	
7580	-122.41354762	 37.73204132	0	0	7581	55.00000000	820 - Intermediate Normal	3.03212057129e+003	
7602	-122.42632321	 37.80674734	0	0	7603	55.00000000	820 - Intermediate Normal	1.80225453485e+003	
7624	-122.50448261	 37.76175448	0	0	7625	55.00000000	820 - Intermediate Normal	3.69848466781e+003	
7646	-122.50053852	 37.70375475	0	0	7647	55.00000000	820 - Intermediate Normal	2.33170167275e+003	
7673	-122.50216415	 37.76914778	0	0	7673	55.00000000	820 - Intermediate Normal	2.88360075926e+002	
7696	-122.41866984	 37.73194988	0	0	7697	60.00000000	820 - Intermediate Normal	3.28688718972e+003	
7718	-122.42939800	 37.80580422	0	0	7719	60.00000000	820 - Intermediate Normal	1.50510969107e+003	
7740	-122.50550935	 37.76933869	0	0	7741	60.00000000	820 - Intermediate Normal	3.86533527360e+003	
7762	-122.50417873	 37.71576501	0	0	7763	60.00000000	820 - Intermediate Normal	1.61291430592e+003	
7787	-122.50364285	 37.77094809	0	0	7787	60.00000000	820 - Intermediate Normal	3.32905160022e+003	
7810	-122.42622629	 37.76427467	0	0	7810	65.00000000	820 - Intermediate Normal	3.13682730024e+003	
7832	-122.47876127	 37.80363605	0	0	7832	65.00000000	820 - Intermediate Normal	2.82847492075e+003	
7854	-122.48267064	 37.71367586	0	0	7855	65.00000000	820 - Intermediate Normal	3.89693277406e+003	
7879	-122.39405455	 37.75400730	0	0	7879	65.00000000	820 - Intermediate Normal	2.10780330918e+003	
7903	-122.38053680	 37.73733802	0	0	8223	85.00000000	820 - Intermediate Normal	2.31745106487e+003	
7927	-122.42134847	 37.74849260	0	0	7925	70.00000000	820 - Intermediate Normal	2.73131701784e+003	
7949	-122.45692778	 37.79860168	0	0	7947	70.00000000	820 - Intermediate Normal	2.72540171211e+003	
7971	-122.49028689	 37.72966147	0	0	7969	70.00000000	820 - Intermediate Normal	2.91870197191e+003	
7994	-122.40370031	 37.76374569	0	0	7992	70.00000000	820 - Intermediate Normal	2.63044860685e+003	
8018	-122.38430071	 37.73824401	0	0	8016	70.00000000	820 - Intermediate Normal	2.72277688289e+003	
8041	-122.40725036	 37.74255107	0	0	8039	80.00000000	820 - Intermediate Normal	2.59761389118e+003	
8063	-122.44657216	 37.79666819	0	0	8061	80.00000000	820 - Intermediate Normal	3.67770661815e+003	
8085	-122.49801478	 37.73749249	0	0	8083	80.00000000	820 - Intermediate Normal	4.09184253605e+003	
8108	-122.37212210	 37.81060226	0	0	8106	80.00000000	820 - Intermediate Normal	3.92332587387e+003	
8132	-122.40462054	 37.73575522	0	0	8130	80.00000000	820 - Intermediate Normal	2.42581141873e+003	
8155	-122.40783677	 37.74162750	0	0	8153	85.00000000	820 - Intermediate Normal	2.61682415870e+003	
8177	-122.45672520	 37.79460974	0	0	8175	85.00000000	820 - Intermediate Normal	3.21153961011e+003	
8199	-122.48101643	 37.72966628	0	0	8197	85.00000000	820 - Intermediate Normal	3.12110376554e+003	
8223	-122.36829066	 37.72844747	0	0	8221	85.00000000	820 - Intermediate Normal	2.96161949097e+003	
8246	-122.48309111	 37.73707859	0	0	8247	85.00000000	820 - Intermediate Normal	2.57265625641e+003	
8268	-122.42340471	 37.74797881	0	0	8269	90.00000000	820 - Intermediate Normal	2.91472165615e+003	
8290	-122.47754716	 37.80725336	0	0	8291	90.00000000	820 - Intermediate Normal	1.97500930496e+003	
8313	-122.48240301	 37.72265753	0	0	8314	90.00000000	820 - Intermediate Normal	4.39436487136e+003	
8336	-122.38268029	 37.73687945	0	0	8337	90.00000000	820 - Intermediate Normal	2.02855479760e+003	
8359	-122.40543406	 37.71430491	0	0	8360	95.00000000	820 - Intermediate Normal	2.32698451070e+003	
8381	-122.43322831	 37.76072788	0	0	8382	95.00000000	820 - Intermediate Normal	3.02755140623e+003	
8403	-122.48081373	 37.79263025	0	0	8404	95.00000000	820 - Intermediate Normal	2.61370574120e+003	
8425	-122.48050658	 37.71257173	0	0	8426	95.00000000	820 - Intermediate Normal	2.90488960267e+003	
8448	-122.39427801	 37.75509838	0	0	8449	95.00000000	820 - Intermediate Normal	2.08320091286e+003	
8471	-122.50355052	 37.71418557	0	0	8472	105.00000000	820 - Intermediate Normal	1.30756011460e+003	
8493	-122.40875569	 37.74061090	0	0	8494	105.00000000	820 - Intermediate Normal	2.44601024954e+003	
8515	-122.44622204	 37.79549650	0	0	8516	105.00000000	820 - Intermediate Normal	2.98886588720e+003	
8538	-122.48420762	 37.73714711	0	0	8539	105.00000000	820 - Intermediate Normal	4.09225685943e+003	
8560	-122.39931587	 37.73665671	0	0	8561	105.00000000	820 - Intermediate Normal	2.36040730965e+003	
8584	-122.39843243	 37.71846652	0	0	8585	110.00000000	820 - Intermediate Normal	2.70495209571e+003	
8606	-122.43236043	 37.77907724	0	0	8607	110.00000000	820 - Intermediate Normal	2.66920067409e+003	
8628	-122.48978378	 37.78754035	0	0	8629	110.00000000	820 - Intermediate Normal	2.83386035406e+003	
8651	-122.49444850	 37.71047003	0	0	8652	110.00000000	820 - Intermediate Normal	3.06272273930e+003	
8675	-122.39810891	 37.73587324	0	0	8676	110.00000000	820 - Intermediate Normal	2.37606607493e+003	
8698	-122.41710038	 37.73126790	0	0	8699	115.00000000	820 - Intermediate Normal	2.76531626439e+003	
8720	-122.41896769	 37.78628115	0	0	8721	115.00000000	820 - Intermediate Normal	3.23661916500e+003	
8743	-122.51287300	 37.78186147	0	0	8744	115.00000000	820 - Intermediate Normal	3.08487416652e+003	
8765	-122.50271133	 37.71297331	0	0	8766	115.00000000	820 - Intermediate Normal	1.58799594709e+003	
8789	-122.38122753	 37.73013418	0	0	8790	115.00000000	820 - Intermediate Normal	2.10475775926e+003	
8811	-122.41912675	 37.73389548	0	0	8812	120.00000000	820 - Intermediate Normal	2.85247980977e+003	
8833	-122.41584481	 37.80075966	0	0	8834	120.00000000	820 - Intermediate Normal	3.11768914786e+003	
8855	-122.48857660	 37.77050269	0	0	8856	120.00000000	820 - Intermediate Normal	4.70215423907e+003	
8878	-122.40267364	 37.73642830	0	0	8879	120.00000000	820 - Intermediate Normal	3.01900270189e+003	
8900	-122.37123893	 37.81147969	0	0	8901	120.00000000	820 - Intermediate Normal	3.47379571558e+003	
8924	-122.43553139	 37.73048506	0	0	8925	130.00000000	820 - Intermediate Normal	2.67566509080e+003	
8946	-122.41689352	 37.78729740	0	0	8947	130.00000000	820 - Intermediate Normal	2.76500688112e+003	
8968	-122.50549597	 37.78652765	0	0	8969	130.00000000	820 - Intermediate Normal	3.08704400995e+003	
8991	-122.38018080	 37.73447043	0	0	8992	130.00000000	820 - Intermediate Normal	1.94042287893e+003	
9016	-122.49471998	 37.71044337	0	0	9017	135.00000000	820 - Intermediate Normal	2.76622233134e+003	
9039	-122.41825591	 37.73390236	0	0	9040	135.00000000	820 - Intermediate Normal	2.53447964225e+003	
9061	-122.40855141	 37.79423499	0	0	9062	135.00000000	820 - Intermediate Normal	2.76001975520e+003	
9083	-122.50072259	 37.78770437	0	0	9084	135.00000000	820 - Intermediate Normal	3.19143238486e+003	
9107	-122.40101208	 37.75492694	0	0	9108	135.00000000	820 - Intermediate Normal	2.07769969327e+003	
9131	-122.49750959	 37.71440470	0	0	9132	140.00000000	820 - Intermediate Normal	3.75064467079e+003	
9153	-122.42015928	 37.73402320	0	0	9154	140.00000000	820 - Intermediate Normal	2.99887167679e+003	
9176	-122.40751235	 37.79277554	0	0	9177	140.00000000	820 - Intermediate Normal	2.24106446468e+003	
9198	-122.50100939	 37.78773013	0	0	9199	140.00000000	820 - Intermediate Normal	2.57338846314e+003	
9221	-122.40062773	 37.75471836	0	0	9222	140.00000000	820 - Intermediate Normal	1.70684578354e+003	
9245	-122.42094676	 37.71334689	0	0	9246	145.00000000	820 - Intermediate Normal	2.89803123312e+003	
9267	-122.42458554	 37.74093994	0	0	9268	145.00000000	820 - Intermediate Normal	3.30084508043e+003	
9289	-122.44319727	 37.79575402	0	0	9290	145.00000000	820 - Intermediate Normal	4.05541140827e+003	
9312	-122.48662547	 37.77047752	0	0	9313	145.00000000	820 - Intermediate Normal	3.96455768114e+003	
9334	-122.39286668	 37.71719466	0	0	9335	145.00000000	820 - Intermediate Normal	2.53223094842e+003	
9358	-122.41963805	 37.70170024	0	0	9359	155.00000000	820 - Intermediate Normal	3.11407879535e+003	
9380	-122.40618645	 37.74607536	0	0	9381	155.00000000	820 - Intermediate Normal	2.00185832849e+003	
9402	-122.41700531	 37.80067856	0	0	9403	155.00000000	820 - Intermediate Normal	2.73703135010e+003	
9424	-122.48585246	 37.76600558	0	0	9425	155.00000000	820 - Intermediate Normal	4.33669804173e+003	
9447	-122.39663810	 37.75783162	0	0	9448	155.00000000	820 - Intermediate Normal	2.41892984692e+003	
9472	-122.51198072	 37.78279968	0	0	9473	155.00000000	820 - Intermediate Normal	3.78128242247e+003	
9496	-122.43365884	 37.73334772	0	0	9497	160.00000000	820 - Intermediate Normal	2.83730623604e+003	
9518	-122.42917144	 37.78616153	0	0	9519	160.00000000	820 - Intermediate Normal	3.75076154869e+003	
9540	-122.46756533	 37.78661954	0	0	9541	160.00000000	820 - Intermediate Normal	4.23074883873e+003	
9563	-122.50074653	 37.71045471	0	0	9564	160.00000000	820 - Intermediate Normal	2.47196108494e+003	
9587	-122.48749753	 37.77448569	0	0	9588	160.00000000	820 - Intermediate Normal	3.99546741840e+003	
9611	-122.42409075	 37.72925647	0	0	9612	165.00000000	820 - Intermediate Normal	2.50185525365e+003	
9633	-122.43599304	 37.76264774	0	0	9634	165.00000000	820 - Intermediate Normal	2.70979089866e+003	
9655	-122.47426694	 37.80619345	0	0	9656	165.00000000	820 - Intermediate Normal	2.46809015354e+003	
9677	-122.47437470	 37.71023126	0	0	9678	165.00000000	820 - Intermediate Normal	3.12969145629e+003	
9701	-122.48915079	 37.78039900	0	0	9702	165.00000000	820 - Intermediate Normal	3.40679560747e+003	
9726	-122.40521547	 37.71588820	0	0	9727	170.00000000	820 - Intermediate Normal	3.58540191270e+003	
9748	-122.42195636	 37.74014982	0	0	9749	170.00000000	820 - Intermediate Normal	2.47871412039e+003	
9771	-122.42780572	 37.79511075	0	0	9772	170.00000000	820 - Intermediate Normal	3.08514067054e+003	
9793	-122.48565364	 37.73943972	0	0	9794	170.00000000	820 - Intermediate Normal	3.13790766787e+003	
9818	-122.39752022	 37.75375954	0	0	9819	170.00000000	820 - Intermediate Normal	2.40572680296e+003	
9842	-122.48321228	 37.77613414	0	0	9843	170.00000000	820 - Intermediate Normal	3.00617050002e+003	
9866	-122.44384127	 37.72492964	0	0	9867	180.00000000	820 - Intermediate Normal	3.03182468400e+003	
9888	-122.44362716	 37.78397698	0	0	9889	180.00000000	820 - Intermediate Normal	3.98864885673e+003	
9910	-122.48759123	 37.76526179	0	0	9911	180.00000000	820 - Intermediate Normal	4.88337127117e+003	
9934	-122.40141423	 37.76029061	0	0	9935	180.00000000	820 - Intermediate Normal	2.30536184462e+003	
9958	-122.41189853	 37.79552802	0	0	9959	180.00000000	820 - Intermediate Normal	2.75243318763e+003	
9980	-122.44446465	 37.71766473	0	0	9981	185.00000000	820 - Intermediate Normal	3.45331318230e+003	
10002	-122.42779763	 37.79483927	0	0	10003	185.00000000	820 - Intermediate Normal	3.56939687224e+003	
10024	-122.47921353	 37.73683138	0	0	10025	185.00000000	820 - Intermediate Normal	3.91729535631e+003	
10049	-122.50234662	 37.77666263	0	0	10050	185.00000000	820 - Intermediate Normal	2.55696549619e+003	
10072	-122.41208586	 37.79566719	0	0	10073	185.00000000	820 - Intermediate Normal	2.17559874208e+003	
10095	-122.42839436	 37.72829385	0	0	10096	190.00000000	820 - Intermediate Normal	3.76069636438e+003	
10117	-122.42408835	 37.78506339	0	0	10118	190.00000000	820 - Intermediate Normal	3.56981324133e+003	
10139	-122.49080505	 37.74513141	0	0	10140	190.00000000	820 - Intermediate Normal	3.73994140984e+003	
10164	-122.39456696	 37.73380872	0	0	10165	190.00000000	820 - Intermediate Normal	1.68134584902e+003	
10187	-122.42188697	 37.80252548	0	0	10188	190.00000000	820 - Intermediate Normal	2.41679462907e+003	
10210	-122.42703250	 37.72855116	0	0	10211	195.00000000	820 - Intermediate Normal	3.54092046740e+003	
10232	-122.43692707	 37.78983860	0	0	10233	195.00000000	820 - Intermediate Normal	3.27043275336e+003	
10254	-122.48570911	 37.76275417	0	0	10255	195.00000000	820 - Intermediate Normal	5.22628026589e+003	
10277	-122.39609122	 37.73463676	0	0	10278	195.00000000	820 - Intermediate Normal	1.23192917952e+003	
10301	-122.41709734	 37.78902528	0	0	10302	195.00000000	820 - Intermediate Normal	3.67926544102e+003	
10323	-122.44277513	 37.71646771	0	0	10324	205.00000000	820 - Intermediate Normal	2.87449369485e+003	
10345	-122.42348537	 37.79125705	0	0	10346	205.00000000	820 - Intermediate Normal	2.67454883708e+003	
10367	-122.48127771	 37.73921517	0	0	10368	205.00000000	820 - Intermediate Normal	2.92773710648e+003	
10391	-122.48794335	 37.77840230	0	0	10392	205.00000000	820 - Intermediate Normal	4.24388668983e+003	
10415	-122.41922936	 37.79757673	0	0	10416	205.00000000	820 - Intermediate Normal	2.83535918914e+003	
10438	-122.44474222	 37.72773205	0	0	10439	210.00000000	820 - Intermediate Normal	3.89556002332e+003	
10460	-122.46274685	 37.79749948	0	0	10461	210.00000000	820 - Intermediate Normal	4.29308874269e+003	
10482	-122.47240169	 37.71582409	0	0	10483	210.00000000	820 - Intermediate Normal	3.44644382057e+003	
10506	-122.41269224	 37.79016195	0	0	10507	210.00000000	820 - Intermediate Normal	3.64310724019e+003	
10530	-122.42414294	 37.70408236	0	0	10531	215.00000000	820 - Intermediate Normal	2.88661731688e+003	
10553	-122.43217552	 37.74307200	0	0	10554	215.00000000	820 - Intermediate Normal	3.26499221283e+003	
10575	-122.47798984	 37.79410907	0	0	10576	215.00000000	820 - Intermediate Normal	2.99938447351e+003	
10598	-122.39053482	 37.71527833	0	0	10599	215.00000000	820 - Intermediate Normal	3.02107766474e+003	
10621	-122.41174256	 37.74405004	0	0	10622	215.00000000	820 - Intermediate Normal	2.53663577176e+003	
10643	-122.40495545	 37.71727469	0	0	10644	220.00000000	820 - Intermediate Normal	3.32295555767e+003	
10666	-122.43679242	 37.76341149	0	0	10667	220.00000000	820 - Intermediate Normal	2.59953870421e+003	
10688	-122.45646761	 37.77832155	0	0	10689	220.00000000	820 - Intermediate Normal	3.02761152477e+003	
10710	-122.41822330	 37.80130268	0	0	10711	220.00000000	820 - Intermediate Normal	2.74030180206e+003	
10734	-122.36478619	 37.81000887	0	0	10735	220.00000000	820 - Intermediate Normal	3.35200776565e+003	
10758	-122.42511478	 37.72829164	0	0	10759	230.00000000	820 - Intermediate Normal	3.43388405128e+003	
10780	-122.44470491	 37.78289845	0	0	10781	230.00000000	820 - Intermediate Normal	2.97689071870e+003	
10802	-122.47538642	 37.76684868	0	0	10803	230.00000000	820 - Intermediate Normal	3.81782152104e+003	
10826	-122.46993206	 37.76893521	0	0	10827	230.00000000	820 - Intermediate Normal	4.42921016373e+003	
10850	-122.42457268	 37.70354990	0	0	10851	235.00000000	820 - Intermediate Normal	2.77855503376e+003	
10873	-122.42937638	 37.73571737	0	0	10874	235.00000000	820 - Intermediate Normal	3.30623581742e+003	
10895	-122.47861854	 37.79940434	0	0	10896	235.00000000	820 - Intermediate Normal	3.07587584376e+003	
10917	-122.47182863	 37.71815617	0	0	10918	235.00000000	820 - Intermediate Normal	2.15423269687e+003	
10943	-122.45815940	 37.76857951	0	0	10944	235.00000000	820 - Intermediate Normal	3.57335198667e+003	
10966	-122.42416613	 37.71495416	0	0	10967	240.00000000	820 - Intermediate Normal	2.84779858672e+003	
10988	-122.43088183	 37.75907883	0	0	10989	240.00000000	820 - Intermediate Normal	2.54002527820e+003	
11011	-122.45953553	 37.77348405	0	0	11012	240.00000000	820 - Intermediate Normal	3.41641887021e+003	
11033	-122.39688447	 37.71536016	0	0	11034	240.00000000	820 - Intermediate Normal	2.55270672533e+003	
11058	-122.40353936	 37.75971838	0	0	11059	240.00000000	820 - Intermediate Normal	2.73175112715e+003	
11082	-122.44145200	 37.73645352	0	0	11083	245.00000000	820 - Intermediate Normal	3.15469241114e+003	
11105	-122.47629518	 37.73766624	0	0	11106	245.00000000	820 - Intermediate Normal	2.86256791488e+003	
11129	-122.41261307	 37.74162010	0	0	11130	245.00000000	820 - Intermediate Normal	2.89611023155e+003	
11154	-122.44110158	 37.78045590	0	0	11155	245.00000000	820 - Intermediate Normal	2.09394430510e+003	
11177	-122.47580346	 37.77060579	0	0	11178	245.00000000	820 - Intermediate Normal	2.92109331238e+003	
11200	-122.43651223	 37.76497814	0	0	11201	255.00000000	820 - Intermediate Normal	2.08560595583e+003	
11223	-122.45092760	 37.78040035	0	0	11224	255.00000000	820 - Intermediate Normal	3.30259036537e+003	
11246	-122.39070968	 37.71287323	0	0	11247	255.00000000	820 - Intermediate Normal	9.33851504163e+002	
11269	-122.42518751	 37.71458957	0	0	11270	255.00000000	820 - Intermediate Normal	3.10055926448e+003	
11293	-122.43041048	 37.73587065	0	0	11294	260.00000000	820 - Intermediate Normal	3.88267663266e+003	
11315	-122.45968778	 37.72552393	0	0	11316	260.00000000	820 - Intermediate Normal	3.59112872078e+003	
11337	-122.45962487	 37.78904454	0	0	11338	260.00000000	820 - Intermediate Normal	4.31249359324e+003	
11361	-122.43128101	 37.71790600	0	0	11362	260.00000000	820 - Intermediate Normal	4.00764960451e+003	
11385	-122.43787229	 37.73367394	0	0	11386	265.00000000	820 - Intermediate Normal	2.77924326610e+003	
11408	-122.46978872	 37.73082812	0	0	11409	265.00000000	820 - Intermediate Normal	2.99308556846e+003	
11430	-122.42693143	 37.72726744	0	0	11431	265.00000000	820 - Intermediate Normal	3.34164423044e+003	
11456	-122.45234319	 37.77349996	0	0	11457	265.00000000	820 - Intermediate Normal	1.70001872871e+003	
11479	-122.44257179	 37.73175258	0	0	11480	270.00000000	820 - Intermediate Normal	3.12210968596e+003	
11501	-122.47084788	 37.73352581	0	0	11502	270.00000000	820 - Intermediate Normal	2.52425685446e+003	
11524	-122.40087159	 37.75843866	0	0	11525	270.00000000	820 - Intermediate Normal	2.56438096245e+003	
11548	-122.44866585	 37.77640833	0	0	11549	270.00000000	820 - Intermediate Normal	3.22396060019e+003	
11571	-122.44138827	 37.73567839	0	0	11572	280.00000000	820 - Intermediate Normal	3.15391799538e+003	
11594	-122.46697337	 37.72769430	0	0	11595	280.00000000	820 - Intermediate Normal	2.87525610881e+003	
11617	-122.42896453	 37.72332639	0	0	11618	280.00000000	820 - Intermediate Normal	3.82142549159e+003	
11644	-122.47620439	 37.79933201	0	0	11645	280.00000000	820 - Intermediate Normal	4.22640409724e+003	
11666	-122.43444330	 37.75579187	0	0	11667	285.00000000	820 - Intermediate Normal	3.15245864346e+003	
11688	-122.49726144	 37.78222659	0	0	11689	285.00000000	820 - Intermediate Normal	3.35543641714e+003	
11714	-122.39646795	 37.75515637	0	0	11715	285.00000000	820 - Intermediate Normal	3.03838499918e+003	
11738	-122.44968830	 37.72465414	0	0	11739	290.00000000	820 - Intermediate Normal	2.61490989538e+003	
11760	-122.47427968	 37.73683627	0	0	11761	290.00000000	820 - Intermediate Normal	2.85762032503e+003	
11785	-122.39907984	 37.75664371	0	0	11786	290.00000000	820 - Intermediate Normal	7.27538436354e+002	
11811	-122.42679637	 37.70951937	0	0	11812	295.00000000	820 - Intermediate Normal	1.91562637455e+003	
11835	-122.46654634	 37.72779206	0	0	11836	295.00000000	820 - Intermediate Normal	3.30821963286e+003	
11858	-122.42882954	 37.71856547	0	0	11859	295.00000000	820 - Intermediate Normal	4.05598643473e+003	
11883	-122.41270305	 37.74319946	0	0	11884	295.00000000	820 - Intermediate Normal	2.10533368577e+003	
11906	-122.47102360	 37.73921208	0	0	11907	305.00000000	820 - Intermediate Normal	2.89971494243e+003	
11929	-122.41928386	 37.71694544	0	0	11930	305.00000000	820 - Intermediate Normal	3.91237364707e+003	
11955	-122.43279170	 37.75660835	0	0	11956	305.00000000	820 - Intermediate Normal	2.68247666263e+003	
11979	-122.41654897	 37.74366584	0	0	11981	310.00000000	820 - Intermediate Normal	2.81573542512e+003	
12004	-122.48799460	 37.75005715	0	0	12005	310.00000000	820 - Intermediate Normal	3.30411909137e+003	
12028	-122.47460217	 37.79288431	0	0	12029	310.00000000	820 - Intermediate Normal	4.82581460241e+003	
12052	-122.41774223	 37.71753540	0	0	12053	315.00000000	820 - Intermediate Normal	2.93817611041e+003	
12075	-122.44061633	 37.73308533	0	0	12076	315.00000000	820 - Intermediate Normal	3.42287994485e+003	
12102	-122.42666004	 37.70944636	0	0	12103	320.00000000	820 - Intermediate Normal	1.82280833232e+003	
12126	-122.48226703	 37.75364687	0	0	12127	320.00000000	820 - Intermediate Normal	3.40842767360e+003	
12152	-122.39533150	 37.71610754	0	0	12153	320.00000000	820 - Intermediate Normal	2.43292088610e+003	
12175	-122.46211177	 37.70958737	0	0	12175	330.00000000	820 - Intermediate Normal	2.71013064092e+003	
12202	-122.44143324	 37.75863467	0	0	12202	330.00000000	820 - Intermediate Normal	3.47070020465e+003	
12225	-122.42897104	 37.73904181	0	0	12225	330.00000000	820 - Intermediate Normal	2.39974315728e+003	
12250	-122.42611600	 37.72622133	0	0	12250	335.00000000	820 - Intermediate Normal	3.31764833067e+003	
12274	-122.46591590	 37.73054526	0	0	12274	335.00000000	820 - Intermediate Normal	2.15310443971e+003	
12298	-122.45693595	 37.70769968	0	0	12298	340.00000000	820 - Intermediate Normal	2.66474791037e+003	
12321	-122.47036213	 37.75930040	0	0	12321	340.00000000	820 - Intermediate Normal	3.10132500996e+003	
12344	-122.45504997	 37.71479619	0	0	12344	340.00000000	820 - Intermediate Normal	2.46775679772e+003	
12367	-122.47405001	 37.75978939	0	0	12367	345.00000000	820 - Intermediate Normal	3.72247229735e+003	
12391	-122.50298068	 37.78261950	0	0	12392	345.00000000	820 - Intermediate Normal	3.16023843377e+003	
12418	-122.47433530	 37.79570994	0	0	12419	355.00000000	820 - Intermediate Normal	3.04166293810e+003	
12441	-122.43983799	 37.76659221	0	0	12442	355.00000000	820 - Intermediate Normal	2.29046435365e+003	
12464	-122.41264845	 37.74260907	0	0	12465	360.00000000	820 - Intermediate Normal	7.53476823475e+002	
12487	-122.47623833	 37.75347364	0	0	12488	360.00000000	820 - Intermediate Normal	2.98803527706e+003	
12510	-122.39160665	 37.71520341	0	0	12511	365.00000000	820 - Intermediate Normal	2.95630035708e+003	
12533	-122.44212174	 37.73444426	0	0	12534	365.00000000	820 - Intermediate Normal	2.33832902728e+003	
12556	-122.45258196	 37.70607769	0	0	12557	370.00000000	820 - Intermediate Normal	3.50358451615e+003	
12580	-122.43820582	 37.76479334	0	0	12581	370.00000000	820 - Intermediate Normal	2.16124714213e+003	
12602	-122.43929292	 37.70986468	0	0	12603	380.00000000	820 - Intermediate Normal	2.98129639121e+003	
12627	-122.46226546	 37.75979156	0	0	12628	380.00000000	820 - Intermediate Normal	3.06687421956e+003	
12650	-122.43730526	 37.70916835	0	0	12651	385.00000000	820 - Intermediate Normal	3.03276017515e+003	
12672	-122.46395052	 37.73668574	0	0	12673	385.00000000	820 - Intermediate Normal	2.73345999659e+003	
12695	-122.44358426	 37.70831429	0	0	12696	390.00000000	820 - Intermediate Normal	3.15007776575e+003	
12718	-122.46473280	 37.73298889	0	0	12719	390.00000000	820 - Intermediate Normal	3.37710718501e+003	
12741	-122.45083239	 37.70529468	0	0	12742	395.00000000	820 - Intermediate Normal	3.14198676958e+003	
12764	-122.45320240	 37.73206902	0	0	12765	395.00000000	820 - Intermediate Normal	3.09542980071e+003	
12788	-122.45319107	 37.71785707	0	0	12789	405.00000000	820 - Intermediate Normal	3.80060267268e+003	
12811	-122.47533727	 37.75185807	0	0	12812	405.00000000	820 - Intermediate Normal	3.61460024705e+003	
12834	-122.42271302	 37.72399118	0	0	12835	410.00000000	820 - Intermediate Normal	2.38870398615e+003	
12856	-122.45971520	 37.73039629	0	0	12857	410.00000000	820 - Intermediate Normal	2.53046134511e+003	
12879	-122.42095312	 37.71806508	0	0	12880	415.00000000	820 - Intermediate Normal	1.04641521395e+003	
12902	-122.48071433	 37.74746961	0	0	12903	415.00000000	820 - Intermediate Normal	2.64366855807e+003	
12924	-122.43058275	 37.73896303	0	0	12925	420.00000000	820 - Intermediate Normal	2.53244197435e+003	
12947	-122.45091655	 37.73294335	0	0	12948	420.00000000	820 - Intermediate Normal	3.14883784023e+003	
12970	-122.44505360	 37.76500773	0	0	12971	430.00000000	820 - Intermediate Normal	3.36033005780e+003	
12994	-122.45984077	 37.74058253	0	0	12995	445.00000000	820 - Intermediate Normal	3.02317925147e+003	
13018	-122.46195980	 37.75847375	0	0	13019	455.00000000	820 - Intermediate Normal	2.50610777377e+003	
13041	-122.44262562	 37.70670707	0	0	13042	460.00000000	820 - Intermediate Normal	2.67986598403e+003	
13064	-122.46231668	 37.73627370	0	0	13065	460.00000000	820 - Intermediate Normal	2.88351179259e+003	
13089	-122.45212051	 37.76039279	0	0	13090	465.00000000	820 - Intermediate Normal	3.21775185714e+003	
13113	-122.44564834	 37.70573562	0	0	13114	470.00000000	820 - Intermediate Normal	1.98412354865e+003	
13135	-122.46241971	 37.73344278	0	0	13136	470.00000000	820 - Intermediate Normal	2.65872432772e+003	
13158	-122.44192843	 37.74853409	0	0	13159	480.00000000	820 - Intermediate Normal	2.81727891453e+003	
13183	-122.45446570	 37.75136138	0	0	13184	485.00000000	820 - Intermediate Normal	3.10174893123e+003	
13205	-122.44796783	 37.70495222	0	0	13206	490.00000000	820 - Intermediate Normal	2.16563439745e+003	
13228	-122.45489724	 37.76273649	0	0	13229	490.00000000	820 - Intermediate Normal	4.18331056311e+003	
13252	-122.45265462	 37.73401924	0	0	13253	495.00000000	820 - Intermediate Normal	2.68172233027e+003	
13275	-122.45403589	 37.73342978	0	0	13276	505.00000000	820 - Intermediate Normal	2.92369334670e+003	
13298	-122.44852153	 37.73680253	0	0	13299	510.00000000	820 - Intermediate Normal	3.30996760809e+003	
13321	-122.45799821	 37.74444720	0	0	13322	515.00000000	820 - Intermediate Normal	2.89691679741e+003	
13343	-122.42935246	 37.70647623	0	0	13344	520.00000000	820 - Intermediate Normal	3.58933690172e+003	
13367	-122.46321400	 37.74600188	0	0	13368	520.00000000	820 - Intermediate Normal	2.98224252573e+003	
13390	-122.44751683	 37.75832221	0	0	13391	530.00000000	820 - Intermediate Normal	3.61843204887e+003	
13413	-122.44748252	 37.74155836	0	0	13414	535.00000000	820 - Intermediate Normal	2.84589751214e+003	
13437	-122.46112064	 37.73636089	0	0	13438	540.00000000	820 - Intermediate Normal	3.16682165296e+003	
13461	-122.43754158	 37.70630645	0	0	13462	545.00000000	820 - Intermediate Normal	2.38247642017e+003	
13485	-122.46461551	 37.74626800	0	0	13486	545.00000000	820 - Intermediate Normal	2.60319082819e+003	
13510	-122.43843032	 37.73994431	0	0	13511	555.00000000	820 - Intermediate Normal	3.23778260152e+003	
13534	-122.45937366	 37.76098018	0	0	13535	560.00000000	820 - Intermediate Normal	5.23013484969e+003	
13559	-122.44384710	 37.75203120	0	0	13560	565.00000000	820 - Intermediate Normal	3.17878621068e+003	
13583	-122.45081423	 37.74313296	0	0	13584	570.00000000	820 - Intermediate Normal	2.97177307235e+003	
13609	-122.45860796	 37.73500671	0	0	13610	580.00000000	820 - Intermediate Normal	2.60993697956e+003	
13633	-122.45506690	 37.75452526	0	0	13634	585.00000000	820 - Intermediate Normal	2.52956605906e+003	
13658	-122.45645477	 37.75433713	0	0	13659	590.00000000	820 - Intermediate Normal	2.63500440819e+003	
13682	-122.45423944	 37.75350069	0	0	13683	595.00000000	820 - Intermediate Normal	2.74393491777e+003	
13705	-122.44496065	 37.75260046	0	0	13706	605.00000000	820 - Intermediate Normal	2.97418906080e+003	
13729	-122.46960851	 37.74795697	0	0	13730	610.00000000	820 - Intermediate Normal	2.55735757074e+003	
13753	-122.45996227	 37.73632234	0	0	13754	615.00000000	820 - Intermediate Normal	3.89531265322e+003	
13777	-122.44552635	 37.70376663	0	0	13778	630.00000000	820 - Intermediate Normal	2.99671739996e+003	
13801	-122.45127632	 37.75362255	0	0	13802	635.00000000	820 - Intermediate Normal	3.41957673926e+003	
13826	-122.45196567	 37.73620003	0	0	13827	640.00000000	820 - Intermediate Normal	2.15027852053e+003	
13851	-122.43990029	 37.70444377	0	0	13852	655.00000000	820 - Intermediate Normal	3.47622183248e+003	
13875	-122.45221596	 37.74798039	0	0	13876	660.00000000	820 - Intermediate Normal	2.55116020185e+003	
13899	-122.45383465	 37.75417181	0	0	13900	665.00000000	820 - Intermediate Normal	2.69383273582e+003	
13922	-122.46553010	 37.74782285	0	0	13923	680.00000000	820 - Intermediate Normal	2.31736761652e+003	
13945	-122.45253986	 37.75418686	0	0	13946	685.00000000	820 - Intermediate Normal	2.78971168152e+003	
13970	-122.45651914	 37.73579042	0	0	13971	695.00000000	820 - Intermediate Normal	2.33043133190e+003	
13995	-122.45318515	 37.75417537	0	0	13996	705.00000000	820 - Intermediate Normal	3.51417884134e+003	
14021	-122.44733407	 37.74976221	0	0	14022	715.00000000	820 - Intermediate Normal	2.38779809166e+003	
14044	-122.45153199	 37.73972700	0	0	14045	730.00000000	820 - Intermediate Normal	2.93940555564e+003	
14068	-122.44662076	 37.75244177	0	0	14069	740.00000000	820 - Intermediate Normal	2.31404339349e+003	
14093	-122.45811058	 37.75520385	0	0	14094	755.00000000	820 - Intermediate Normal	3.20453096585e+003	
14121	-122.45548042	 37.75844650	0	0	14122	770.00000000	820 - Intermediate Normal	8.03071506402e+002	
14148	-122.44940435	 37.75013121	0	0	14149	820.00000000	820 - Intermediate Normal	2.64132649194e+003	
